1374697650115
1374697650121
1374697674182

1374697805266
1374697805267
1374697828029

1374697905621
1374697905624
1374697926210

1374698012448
1374698012449
1374698038255

1374698115751
1374698115756
1374698151492

1374698250402
1374698250406
1374698300876

1374708540914
1374708540914
1374708548738

1374708568679
1374708568680
1374708596494
1374708596495
1374708608948

1374709079518
1374709079519
1374709091524

1374709174672
1374709174673
1374709191933
1374709191934
1374709207372

1374709332061
1374709332062
1374709354487

1374709379147
1374709379148
1374709388360

1374709554176
1374709554178
1374709584022

1374718149264
1374718149265
1374718166378

1374718418035
1374718418036
1374718450395

1374720921143
1374720921144
1374720938232

1374720985446
1374720985447
1374721002325

1374725714983
1374725714985
1374726315099
1374726315101
1374727989043
1374727989044
1374731257237
1374731304244

1374731372644
1374731474478
1374731530325
1374731593670

1374731635117
1374731700901

1374731787089
1374731848117

1374731901940
1374731968723

1374732053083
1374732112183

1374732157164
1374732223522

1374732252590
1374732326525

1374732357459
1374732405886
1374732473431

1374732543042
1374732707600

1374732757772
1374732811156

1374732865905
1374732919301

1374732963438
1374733017208

1374733088018
1374733141397

1374733291772
1374733350812

1374733408366
1374733465862

1374733630870
1374733683184

1374733780446
1374733859145
1374733945827
1374734009303

1374734074771
1374734151522

1374734254523
1374734325142

1374734468576
1374734526227

1374734581725
1374734839696
1374734915761

1374735306342
1374735328075

1374735654037
1374735670755

1374735951687
1374735978707

1374736104508
1374736137325

1374736225897
1374736263824

1374736394989
1374736434570

1374736793924
1374736858016

